love,tag_name,total
100.0,176.0,2
100.0,136.0,2
100.0,102.0,2
100.0,246.0,1
100.0,232.0,1
100.0,226.0,1
100.0,221.0,1
100.0,220.0,1
100.0,219.0,1
100.0,209.0,1
100.0,201.0,1
100.0,197.0,1
100.0,187.0,1
100.0,183.0,1
100.0,180.0,1
100.0,178.0,1
100.0,163.0,1
100.0,156.0,1
100.0,141.0,1
100.0,127.0,1
100.0,119.0,1
100.0,110.0,1
100.0,109.0,1
100.0,108.0,1
100.0,103.0,1
100.0,99.0,1
100.0,86.0,1
100.0,85.0,1
100.0,74.0,1
100.0,68.0,1
100.0,48.0,1
100.0,45.0,1
100.0,40.0,1
100.0,,0
99.0,117.0,3
99.0,86.0,2
99.0,240.0,1
99.0,238.0,1
99.0,222.0,1
99.0,221.0,1
99.0,214.0,1
99.0,208.0,1
99.0,201.0,1
99.0,195.0,1
99.0,191.0,1
99.0,189.0,1
99.0,187.0,1
99.0,184.0,1
99.0,181.0,1
99.0,179.0,1
99.0,175.0,1
99.0,174.0,1
99.0,150.0,1
99.0,148.0,1
99.0,142.0,1
99.0,133.0,1
99.0,131.0,1
99.0,124.0,1
99.0,123.0,1
99.0,122.0,1
99.0,103.0,1
99.0,93.0,1
99.0,89.0,1
99.0,85.0,1
99.0,81.0,1
99.0,77.0,1
99.0,68.0,1
99.0,63.0,1
99.0,62.0,1
99.0,49.0,1
99.0,45.0,1
99.0,44.0,1
98.0,178.0,2
98.0,106.0,2
98.0,57.0,2
98.0,53.0,2
98.0,244.0,1
98.0,243.0,1
98.0,240.0,1
98.0,226.0,1
98.0,225.0,1
98.0,211.0,1
98.0,204.0,1
98.0,186.0,1
98.0,164.0,1
98.0,151.0,1
98.0,150.0,1
98.0,134.0,1
98.0,133.0,1
98.0,127.0,1
98.0,124.0,1
98.0,120.0,1
98.0,116.0,1
98.0,102.0,1
98.0,99.0,1
98.0,88.0,1
98.0,87.0,1
98.0,86.0,1
98.0,82.0,1
98.0,79.0,1
98.0,68.0,1
97.0,164.0,2
97.0,99.0,2
97.0,244.0,1
97.0,242.0,1
97.0,238.0,1
97.0,233.0,1
97.0,202.0,1
97.0,198.0,1
97.0,196.0,1
97.0,193.0,1
97.0,187.0,1
97.0,182.0,1
97.0,179.0,1
97.0,161.0,1
97.0,160.0,1
97.0,157.0,1
97.0,156.0,1
97.0,154.0,1
97.0,148.0,1
97.0,147.0,1
97.0,144.0,1
97.0,136.0,1
97.0,135.0,1
97.0,120.0,1
97.0,116.0,1
97.0,108.0,1
97.0,103.0,1
97.0,100.0,1
97.0,92.0,1
97.0,91.0,1
97.0,83.0,1
97.0,63.0,1
97.0,56.0,1
97.0,55.0,1
96.0,168.0,2
96.0,245.0,1
96.0,241.0,1
96.0,237.0,1
96.0,231.0,1
96.0,225.0,1
96.0,219.0,1
96.0,215.0,1
96.0,212.0,1
96.0,208.0,1
96.0,202.0,1
96.0,198.0,1
96.0,192.0,1
96.0,188.0,1
96.0,185.0,1
96.0,183.0,1
96.0,181.0,1
96.0,160.0,1
96.0,153.0,1
96.0,144.0,1
96.0,143.0,1
96.0,142.0,1
96.0,139.0,1
96.0,137.0,1
96.0,134.0,1
96.0,125.0,1
96.0,117.0,1
96.0,113.0,1
96.0,99.0,1
96.0,83.0,1
96.0,62.0,1
96.0,55.0,1
96.0,45.0,1
95.0,241.0,2
95.0,198.0,2
95.0,153.0,2
95.0,244.0,1
95.0,240.0,1
95.0,230.0,1
95.0,228.0,1
95.0,226.0,1
95.0,225.0,1
95.0,214.0,1
95.0,205.0,1
95.0,203.0,1
95.0,202.0,1
95.0,200.0,1
95.0,191.0,1
95.0,185.0,1
95.0,178.0,1
95.0,177.0,1
95.0,164.0,1
95.0,162.0,1
95.0,160.0,1
95.0,145.0,1
95.0,135.0,1
95.0,108.0,1
95.0,107.0,1
95.0,103.0,1
95.0,101.0,1
95.0,99.0,1
95.0,84.0,1
95.0,83.0,1
95.0,81.0,1
95.0,75.0,1
95.0,68.0,1
95.0,56.0,1
95.0,46.0,1
94.0,249.0,2
94.0,169.0,2
94.0,85.0,2
94.0,76.0,2
94.0,49.0,2
94.0,245.0,1
94.0,240.0,1
94.0,238.0,1
94.0,231.0,1
94.0,222.0,1
94.0,200.0,1
94.0,197.0,1
94.0,192.0,1
94.0,186.0,1
94.0,185.0,1
94.0,183.0,1
94.0,180.0,1
94.0,176.0,1
94.0,165.0,1
94.0,164.0,1
94.0,159.0,1
94.0,157.0,1
94.0,149.0,1
94.0,148.0,1
94.0,142.0,1
94.0,137.0,1
94.0,134.0,1
94.0,124.0,1
94.0,116.0,1
94.0,114.0,1
94.0,111.0,1
94.0,108.0,1
94.0,105.0,1
94.0,103.0,1
94.0,102.0,1
94.0,100.0,1
94.0,93.0,1
94.0,77.0,1
94.0,64.0,1
94.0,52.0,1
94.0,48.0,1
93.0,194.0,2
93.0,191.0,2
93.0,190.0,2
93.0,176.0,2
93.0,246.0,1
93.0,221.0,1
93.0,209.0,1
93.0,203.0,1
93.0,197.0,1
93.0,184.0,1
93.0,175.0,1
93.0,172.0,1
93.0,170.0,1
93.0,163.0,1
93.0,157.0,1
93.0,151.0,1
93.0,150.0,1
93.0,148.0,1
93.0,146.0,1
93.0,140.0,1
93.0,134.0,1
93.0,114.0,1
93.0,96.0,1
93.0,92.0,1
93.0,78.0,1
93.0,75.0,1
93.0,72.0,1
93.0,65.0,1
93.0,59.0,1
93.0,58.0,1
93.0,56.0,1
93.0,55.0,1
93.0,54.0,1
93.0,52.0,1
93.0,44.0,1
93.0,41.0,1
93.0,40.0,1
92.0,241.0,2
92.0,219.0,2
92.0,107.0,2
92.0,245.0,1
92.0,238.0,1
92.0,231.0,1
92.0,212.0,1
92.0,207.0,1
92.0,164.0,1
92.0,153.0,1
92.0,148.0,1
92.0,139.0,1
92.0,138.0,1
92.0,137.0,1
92.0,134.0,1
92.0,133.0,1
92.0,126.0,1
92.0,105.0,1
92.0,96.0,1
92.0,82.0,1
92.0,71.0,1
92.0,49.0,1
92.0,42.0,1
91.0,238.0,2
91.0,204.0,2
91.0,138.0,2
91.0,124.0,2
91.0,90.0,2
91.0,246.0,1
91.0,243.0,1
91.0,232.0,1
91.0,220.0,1
91.0,214.0,1
91.0,211.0,1
91.0,206.0,1
91.0,191.0,1
91.0,183.0,1
91.0,178.0,1
91.0,167.0,1
91.0,160.0,1
91.0,151.0,1
91.0,141.0,1
91.0,130.0,1
91.0,127.0,1
91.0,123.0,1
91.0,121.0,1
91.0,108.0,1
91.0,106.0,1
91.0,93.0,1
91.0,84.0,1
91.0,72.0,1
91.0,71.0,1
91.0,64.0,1
91.0,58.0,1
91.0,56.0,1
91.0,48.0,1
91.0,47.0,1
91.0,45.0,1
91.0,44.0,1
90.0,225.0,2
90.0,181.0,2
90.0,77.0,2
90.0,76.0,2
90.0,246.0,1
90.0,238.0,1
90.0,237.0,1
90.0,228.0,1
90.0,222.0,1
90.0,214.0,1
90.0,210.0,1
90.0,209.0,1
90.0,206.0,1
90.0,204.0,1
90.0,200.0,1
90.0,193.0,1
90.0,192.0,1
90.0,191.0,1
90.0,189.0,1
90.0,187.0,1
90.0,179.0,1
90.0,172.0,1
90.0,170.0,1
90.0,143.0,1
90.0,129.0,1
90.0,124.0,1
90.0,123.0,1
90.0,119.0,1
90.0,111.0,1
90.0,109.0,1
90.0,103.0,1
90.0,100.0,1
90.0,90.0,1
90.0,81.0,1
90.0,68.0,1
90.0,65.0,1
90.0,63.0,1
90.0,58.0,1
90.0,56.0,1
90.0,45.0,1
90.0,42.0,1
89.0,249.0,4
89.0,181.0,2
89.0,179.0,2
89.0,175.0,2
89.0,159.0,2
89.0,55.0,2
89.0,243.0,1
89.0,242.0,1
89.0,241.0,1
89.0,236.0,1
89.0,234.0,1
89.0,231.0,1
89.0,200.0,1
89.0,196.0,1
89.0,194.0,1
89.0,192.0,1
89.0,191.0,1
89.0,186.0,1
89.0,184.0,1
89.0,177.0,1
89.0,172.0,1
89.0,164.0,1
89.0,163.0,1
89.0,160.0,1
89.0,157.0,1
89.0,154.0,1
89.0,151.0,1
89.0,146.0,1
89.0,139.0,1
89.0,131.0,1
89.0,115.0,1
89.0,111.0,1
89.0,110.0,1
89.0,109.0,1
89.0,106.0,1
89.0,99.0,1
89.0,96.0,1
89.0,79.0,1
89.0,72.0,1
89.0,71.0,1
89.0,65.0,1
89.0,63.0,1
89.0,60.0,1
89.0,56.0,1
89.0,53.0,1
89.0,50.0,1
88.0,76.0,2
88.0,75.0,2
88.0,69.0,2
88.0,56.0,2
88.0,249.0,1
88.0,248.0,1
88.0,242.0,1
88.0,234.0,1
88.0,228.0,1
88.0,227.0,1
88.0,224.0,1
88.0,206.0,1
88.0,198.0,1
88.0,195.0,1
88.0,193.0,1
88.0,188.0,1
88.0,181.0,1
88.0,176.0,1
88.0,172.0,1
88.0,158.0,1
88.0,151.0,1
88.0,142.0,1
88.0,141.0,1
88.0,130.0,1
88.0,123.0,1
88.0,122.0,1
88.0,119.0,1
88.0,114.0,1
88.0,103.0,1
88.0,100.0,1
88.0,96.0,1
88.0,94.0,1
88.0,88.0,1
88.0,61.0,1
88.0,53.0,1
87.0,228.0,2
87.0,63.0,2
87.0,240.0,1
87.0,220.0,1
87.0,217.0,1
87.0,211.0,1
87.0,206.0,1
87.0,187.0,1
87.0,183.0,1
87.0,180.0,1
87.0,172.0,1
87.0,166.0,1
87.0,163.0,1
87.0,161.0,1
87.0,156.0,1
87.0,154.0,1
87.0,133.0,1
87.0,123.0,1
87.0,115.0,1
87.0,111.0,1
87.0,107.0,1
87.0,105.0,1
87.0,97.0,1
87.0,95.0,1
87.0,93.0,1
87.0,79.0,1
87.0,76.0,1
87.0,72.0,1
87.0,68.0,1
87.0,62.0,1
87.0,53.0,1
87.0,49.0,1
86.0,243.0,2
86.0,222.0,2
86.0,202.0,2
86.0,195.0,2
86.0,245.0,1
86.0,244.0,1
86.0,232.0,1
86.0,231.0,1
86.0,208.0,1
86.0,200.0,1
86.0,197.0,1
86.0,196.0,1
86.0,181.0,1
86.0,179.0,1
86.0,170.0,1
86.0,157.0,1
86.0,156.0,1
86.0,154.0,1
86.0,149.0,1
86.0,140.0,1
86.0,134.0,1
86.0,126.0,1
86.0,116.0,1
86.0,111.0,1
86.0,109.0,1
86.0,108.0,1
86.0,107.0,1
86.0,105.0,1
86.0,100.0,1
86.0,97.0,1
86.0,93.0,1
86.0,92.0,1
86.0,82.0,1
86.0,76.0,1
86.0,68.0,1
86.0,63.0,1
86.0,62.0,1
86.0,55.0,1
86.0,45.0,1
85.0,72.0,3
85.0,244.0,2
85.0,190.0,2
85.0,171.0,2
85.0,246.0,1
85.0,241.0,1
85.0,240.0,1
85.0,236.0,1
85.0,232.0,1
85.0,222.0,1
85.0,217.0,1
85.0,210.0,1
85.0,209.0,1
85.0,202.0,1
85.0,199.0,1
85.0,192.0,1
85.0,179.0,1
85.0,177.0,1
85.0,175.0,1
85.0,172.0,1
85.0,156.0,1
85.0,149.0,1
85.0,145.0,1
85.0,143.0,1
85.0,133.0,1
85.0,129.0,1
85.0,126.0,1
85.0,123.0,1
85.0,120.0,1
85.0,118.0,1
85.0,94.0,1
85.0,79.0,1
85.0,75.0,1
85.0,71.0,1
85.0,53.0,1
85.0,49.0,1
85.0,46.0,1
84.0,241.0,2
84.0,226.0,2
84.0,204.0,2
84.0,157.0,2
84.0,138.0,2
84.0,111.0,2
84.0,246.0,1
84.0,244.0,1
84.0,242.0,1
84.0,227.0,1
84.0,221.0,1
84.0,216.0,1
84.0,206.0,1
84.0,192.0,1
84.0,190.0,1
84.0,189.0,1
84.0,186.0,1
84.0,182.0,1
84.0,179.0,1
84.0,176.0,1
84.0,175.0,1
84.0,169.0,1
84.0,165.0,1
84.0,160.0,1
84.0,159.0,1
84.0,156.0,1
84.0,153.0,1
84.0,151.0,1
84.0,148.0,1
84.0,144.0,1
84.0,141.0,1
84.0,129.0,1
84.0,124.0,1
84.0,121.0,1
84.0,120.0,1
84.0,119.0,1
84.0,106.0,1
84.0,100.0,1
84.0,96.0,1
84.0,82.0,1
84.0,76.0,1
84.0,73.0,1
84.0,72.0,1
84.0,59.0,1
84.0,50.0,1
84.0,47.0,1
84.0,42.0,1
83.0,190.0,2
83.0,187.0,2
83.0,168.0,2
83.0,75.0,2
83.0,244.0,1
83.0,239.0,1
83.0,238.0,1
83.0,232.0,1
83.0,231.0,1
83.0,225.0,1
83.0,223.0,1
83.0,218.0,1
83.0,214.0,1
83.0,210.0,1
83.0,208.0,1
83.0,206.0,1
83.0,202.0,1
83.0,194.0,1
83.0,140.0,1
83.0,134.0,1
83.0,129.0,1
83.0,124.0,1
83.0,116.0,1
83.0,102.0,1
83.0,101.0,1
83.0,98.0,1
83.0,94.0,1
83.0,84.0,1
83.0,81.0,1
83.0,72.0,1
83.0,67.0,1
83.0,58.0,1
83.0,56.0,1
83.0,41.0,1
82.0,144.0,3
82.0,200.0,2
82.0,111.0,2
82.0,96.0,2
82.0,84.0,2
82.0,72.0,2
82.0,59.0,2
82.0,249.0,1
82.0,240.0,1
82.0,234.0,1
82.0,231.0,1
82.0,226.0,1
82.0,224.0,1
82.0,216.0,1
82.0,211.0,1
82.0,210.0,1
82.0,199.0,1
82.0,195.0,1
82.0,191.0,1
82.0,183.0,1
82.0,181.0,1
82.0,176.0,1
82.0,163.0,1
82.0,138.0,1
82.0,128.0,1
82.0,124.0,1
82.0,120.0,1
82.0,117.0,1
82.0,105.0,1
82.0,93.0,1
82.0,88.0,1
82.0,81.0,1
82.0,78.0,1
82.0,76.0,1
82.0,73.0,1
82.0,68.0,1
82.0,65.0,1
82.0,63.0,1
82.0,60.0,1
82.0,46.0,1
81.0,93.0,3
81.0,165.0,2
81.0,120.0,2
81.0,236.0,1
81.0,226.0,1
81.0,225.0,1
81.0,221.0,1
81.0,218.0,1
81.0,212.0,1
81.0,209.0,1
81.0,186.0,1
81.0,177.0,1
81.0,164.0,1
81.0,163.0,1
81.0,161.0,1
81.0,159.0,1
81.0,150.0,1
81.0,147.0,1
81.0,134.0,1
81.0,118.0,1
81.0,110.0,1
81.0,109.0,1
81.0,105.0,1
81.0,103.0,1
81.0,99.0,1
81.0,96.0,1
81.0,88.0,1
81.0,76.0,1
81.0,68.0,1
81.0,63.0,1
81.0,62.0,1
81.0,61.0,1
81.0,60.0,1
81.0,48.0,1
80.0,184.0,2
80.0,177.0,2
80.0,132.0,2
80.0,108.0,2
80.0,244.0,1
80.0,242.0,1
80.0,240.0,1
80.0,233.0,1
80.0,232.0,1
80.0,218.0,1
80.0,205.0,1
80.0,196.0,1
80.0,162.0,1
80.0,160.0,1
80.0,158.0,1
80.0,151.0,1
80.0,146.0,1
80.0,134.0,1
80.0,116.0,1
80.0,107.0,1
80.0,91.0,1
80.0,75.0,1
80.0,68.0,1
80.0,56.0,1
80.0,49.0,1
80.0,43.0,1
79.0,245.0,3
79.0,187.0,2
79.0,150.0,2
79.0,141.0,2
79.0,248.0,1
79.0,242.0,1
79.0,233.0,1
79.0,227.0,1
79.0,226.0,1
79.0,221.0,1
79.0,208.0,1
79.0,207.0,1
79.0,205.0,1
79.0,197.0,1
79.0,188.0,1
79.0,180.0,1
79.0,177.0,1
79.0,165.0,1
79.0,153.0,1
79.0,137.0,1
79.0,129.0,1
79.0,117.0,1
79.0,108.0,1
79.0,87.0,1
79.0,80.0,1
79.0,75.0,1
79.0,64.0,1
79.0,62.0,1
79.0,56.0,1
79.0,41.0,1
78.0,213.0,2
78.0,46.0,2
78.0,225.0,1
78.0,215.0,1
78.0,208.0,1
78.0,206.0,1
78.0,204.0,1
78.0,200.0,1
78.0,198.0,1
78.0,191.0,1
78.0,187.0,1
78.0,185.0,1
78.0,165.0,1
78.0,157.0,1
78.0,144.0,1
78.0,143.0,1
78.0,137.0,1
78.0,135.0,1
78.0,131.0,1
78.0,120.0,1
78.0,115.0,1
78.0,96.0,1
78.0,95.0,1
78.0,90.0,1
78.0,80.0,1
78.0,66.0,1
78.0,61.0,1
78.0,59.0,1
78.0,58.0,1
77.0,210.0,3
77.0,226.0,2
77.0,144.0,2
77.0,104.0,2
77.0,73.0,2
77.0,59.0,2
77.0,245.0,1
77.0,241.0,1
77.0,237.0,1
77.0,234.0,1
77.0,229.0,1
77.0,206.0,1
77.0,204.0,1
77.0,202.0,1
77.0,197.0,1
77.0,195.0,1
77.0,192.0,1
77.0,190.0,1
77.0,188.0,1
77.0,187.0,1
77.0,160.0,1
77.0,155.0,1
77.0,153.0,1
77.0,146.0,1
77.0,141.0,1
77.0,140.0,1
77.0,128.0,1
77.0,110.0,1
77.0,97.0,1
77.0,86.0,1
77.0,79.0,1
77.0,77.0,1
77.0,76.0,1
77.0,75.0,1
77.0,56.0,1
77.0,48.0,1
76.0,169.0,3
76.0,211.0,2
76.0,167.0,2
76.0,76.0,2
76.0,249.0,1
76.0,245.0,1
76.0,240.0,1
76.0,230.0,1
76.0,228.0,1
76.0,227.0,1
76.0,223.0,1
76.0,208.0,1
76.0,204.0,1
76.0,197.0,1
76.0,185.0,1
76.0,173.0,1
76.0,170.0,1
76.0,161.0,1
76.0,148.0,1
76.0,145.0,1
76.0,144.0,1
76.0,132.0,1
76.0,126.0,1
76.0,122.0,1
76.0,121.0,1
76.0,120.0,1
76.0,119.0,1
76.0,117.0,1
76.0,113.0,1
76.0,106.0,1
76.0,101.0,1
76.0,99.0,1
76.0,84.0,1
76.0,71.0,1
76.0,64.0,1
76.0,61.0,1
75.0,212.0,2
75.0,141.0,2
75.0,249.0,1
75.0,246.0,1
75.0,240.0,1
75.0,239.0,1
75.0,227.0,1
75.0,226.0,1
75.0,225.0,1
75.0,223.0,1
75.0,222.0,1
75.0,219.0,1
75.0,211.0,1
75.0,206.0,1
75.0,205.0,1
75.0,198.0,1
75.0,184.0,1
75.0,183.0,1
75.0,181.0,1
75.0,179.0,1
75.0,177.0,1
75.0,175.0,1
75.0,157.0,1
75.0,154.0,1
75.0,148.0,1
75.0,146.0,1
75.0,139.0,1
75.0,135.0,1
75.0,134.0,1
75.0,127.0,1
75.0,125.0,1
75.0,119.0,1
75.0,118.0,1
75.0,109.0,1
75.0,105.0,1
75.0,99.0,1
75.0,98.0,1
75.0,96.0,1
75.0,94.0,1
75.0,91.0,1
75.0,90.0,1
75.0,86.0,1
75.0,61.0,1
75.0,56.0,1
75.0,53.0,1
75.0,49.0,1
75.0,47.0,1
75.0,43.0,1
74.0,244.0,2
74.0,181.0,2
74.0,163.0,2
74.0,245.0,1
74.0,225.0,1
74.0,223.0,1
74.0,208.0,1
74.0,206.0,1
74.0,198.0,1
74.0,177.0,1
74.0,164.0,1
74.0,156.0,1
74.0,145.0,1
74.0,141.0,1
74.0,134.0,1
74.0,129.0,1
74.0,128.0,1
74.0,118.0,1
74.0,111.0,1
74.0,95.0,1
74.0,94.0,1
74.0,93.0,1
74.0,84.0,1
74.0,78.0,1
74.0,74.0,1
74.0,71.0,1
74.0,55.0,1
74.0,49.0,1
74.0,42.0,1
74.0,41.0,1
73.0,139.0,3
73.0,234.0,2
73.0,191.0,2
73.0,163.0,2
73.0,144.0,2
73.0,100.0,2
73.0,77.0,2
73.0,246.0,1
73.0,241.0,1
73.0,240.0,1
73.0,233.0,1
73.0,224.0,1
73.0,221.0,1
73.0,217.0,1
73.0,214.0,1
73.0,212.0,1
73.0,206.0,1
73.0,204.0,1
73.0,202.0,1
73.0,199.0,1
73.0,181.0,1
73.0,177.0,1
73.0,172.0,1
73.0,165.0,1
73.0,151.0,1
73.0,135.0,1
73.0,134.0,1
73.0,131.0,1
73.0,129.0,1
73.0,124.0,1
73.0,118.0,1
73.0,106.0,1
73.0,102.0,1
73.0,83.0,1
73.0,82.0,1
73.0,81.0,1
73.0,75.0,1
73.0,70.0,1
73.0,65.0,1
73.0,59.0,1
73.0,49.0,1
73.0,47.0,1
73.0,45.0,1
72.0,226.0,2
72.0,177.0,2
72.0,81.0,2
72.0,68.0,2
72.0,246.0,1
72.0,244.0,1
72.0,233.0,1
72.0,231.0,1
72.0,228.0,1
72.0,215.0,1
72.0,210.0,1
72.0,205.0,1
72.0,200.0,1
72.0,179.0,1
72.0,173.0,1
72.0,172.0,1
72.0,163.0,1
72.0,139.0,1
72.0,134.0,1
72.0,132.0,1
72.0,125.0,1
72.0,103.0,1
72.0,102.0,1
72.0,100.0,1
72.0,61.0,1
72.0,56.0,1
72.0,55.0,1
72.0,53.0,1
72.0,51.0,1
72.0,50.0,1
72.0,45.0,1
72.0,44.0,1
71.0,204.0,2
71.0,198.0,2
71.0,159.0,2
71.0,141.0,2
71.0,55.0,2
71.0,42.0,2
71.0,249.0,1
71.0,243.0,1
71.0,242.0,1
71.0,238.0,1
71.0,234.0,1
71.0,231.0,1
71.0,226.0,1
71.0,206.0,1
71.0,197.0,1
71.0,192.0,1
71.0,188.0,1
71.0,185.0,1
71.0,184.0,1
71.0,181.0,1
71.0,172.0,1
71.0,171.0,1
71.0,165.0,1
71.0,164.0,1
71.0,161.0,1
71.0,152.0,1
71.0,149.0,1
71.0,140.0,1
71.0,139.0,1
71.0,138.0,1
71.0,137.0,1
71.0,125.0,1
71.0,119.0,1
71.0,110.0,1
71.0,107.0,1
71.0,100.0,1
71.0,97.0,1
71.0,96.0,1
71.0,95.0,1
71.0,93.0,1
71.0,84.0,1
71.0,83.0,1
71.0,76.0,1
71.0,54.0,1
70.0,227.0,2
70.0,221.0,2
70.0,162.0,2
70.0,144.0,2
70.0,129.0,2
70.0,247.0,1
70.0,246.0,1
70.0,245.0,1
70.0,235.0,1
70.0,232.0,1
70.0,226.0,1
70.0,217.0,1
70.0,211.0,1
70.0,184.0,1
70.0,181.0,1
70.0,180.0,1
70.0,177.0,1
70.0,176.0,1
70.0,160.0,1
70.0,148.0,1
70.0,147.0,1
70.0,138.0,1
70.0,135.0,1
70.0,128.0,1
70.0,124.0,1
70.0,120.0,1
70.0,111.0,1
70.0,109.0,1
70.0,102.0,1
70.0,94.0,1
70.0,92.0,1
70.0,64.0,1
70.0,52.0,1
70.0,47.0,1
69.0,138.0,2
69.0,100.0,2
69.0,81.0,2
69.0,47.0,2
69.0,242.0,1
69.0,232.0,1
69.0,212.0,1
69.0,206.0,1
69.0,202.0,1
69.0,193.0,1
69.0,192.0,1
69.0,184.0,1
69.0,181.0,1
69.0,165.0,1
69.0,164.0,1
69.0,162.0,1
69.0,156.0,1
69.0,147.0,1
69.0,145.0,1
69.0,142.0,1
69.0,139.0,1
69.0,137.0,1
69.0,131.0,1
69.0,123.0,1
69.0,113.0,1
69.0,111.0,1
69.0,110.0,1
69.0,105.0,1
69.0,104.0,1
69.0,102.0,1
69.0,97.0,1
69.0,87.0,1
69.0,78.0,1
69.0,71.0,1
69.0,62.0,1
69.0,61.0,1
69.0,40.0,1
68.0,108.0,3
68.0,53.0,3
68.0,225.0,2
68.0,155.0,2
68.0,140.0,2
68.0,76.0,2
68.0,248.0,1
68.0,233.0,1
68.0,231.0,1
68.0,205.0,1
68.0,191.0,1
68.0,185.0,1
68.0,181.0,1
68.0,179.0,1
68.0,167.0,1
68.0,165.0,1
68.0,156.0,1
68.0,146.0,1
68.0,143.0,1
68.0,141.0,1
68.0,139.0,1
68.0,135.0,1
68.0,133.0,1
68.0,131.0,1
68.0,125.0,1
68.0,124.0,1
68.0,121.0,1
68.0,119.0,1
68.0,116.0,1
68.0,115.0,1
68.0,114.0,1
68.0,107.0,1
68.0,94.0,1
68.0,91.0,1
68.0,82.0,1
68.0,78.0,1
68.0,75.0,1
68.0,73.0,1
68.0,66.0,1
68.0,64.0,1
68.0,63.0,1
68.0,55.0,1
68.0,51.0,1
68.0,42.0,1
67.0,193.0,2
67.0,162.0,2
67.0,99.0,2
67.0,244.0,1
67.0,221.0,1
67.0,219.0,1
67.0,195.0,1
67.0,188.0,1
67.0,183.0,1
67.0,173.0,1
67.0,168.0,1
67.0,158.0,1
67.0,141.0,1
67.0,139.0,1
67.0,134.0,1
67.0,133.0,1
67.0,127.0,1
67.0,124.0,1
67.0,114.0,1
67.0,112.0,1
67.0,102.0,1
67.0,93.0,1
67.0,90.0,1
67.0,87.0,1
67.0,81.0,1
67.0,80.0,1
67.0,75.0,1
67.0,69.0,1
67.0,63.0,1
67.0,56.0,1
67.0,52.0,1
67.0,49.0,1
67.0,40.0,1
66.0,107.0,2
66.0,76.0,2
66.0,232.0,1
66.0,231.0,1
66.0,218.0,1
66.0,204.0,1
66.0,195.0,1
66.0,192.0,1
66.0,191.0,1
66.0,190.0,1
66.0,187.0,1
66.0,184.0,1
66.0,179.0,1
66.0,175.0,1
66.0,169.0,1
66.0,160.0,1
66.0,156.0,1
66.0,145.0,1
66.0,140.0,1
66.0,129.0,1
66.0,117.0,1
66.0,112.0,1
66.0,103.0,1
66.0,81.0,1
66.0,69.0,1
66.0,63.0,1
66.0,62.0,1
66.0,57.0,1
66.0,49.0,1
66.0,40.0,1
65.0,226.0,2
65.0,223.0,2
65.0,158.0,2
65.0,77.0,2
65.0,238.0,1
65.0,220.0,1
65.0,219.0,1
65.0,217.0,1
65.0,210.0,1
65.0,209.0,1
65.0,203.0,1
65.0,200.0,1
65.0,197.0,1
65.0,196.0,1
65.0,189.0,1
65.0,186.0,1
65.0,185.0,1
65.0,163.0,1
65.0,139.0,1
65.0,137.0,1
65.0,136.0,1
65.0,135.0,1
65.0,134.0,1
65.0,125.0,1
65.0,115.0,1
65.0,112.0,1
65.0,102.0,1
65.0,90.0,1
65.0,86.0,1
65.0,85.0,1
65.0,82.0,1
65.0,70.0,1
65.0,56.0,1
65.0,51.0,1
65.0,50.0,1
64.0,181.0,2
64.0,119.0,2
64.0,117.0,2
64.0,249.0,1
64.0,245.0,1
64.0,244.0,1
64.0,240.0,1
64.0,232.0,1
64.0,231.0,1
64.0,230.0,1
64.0,220.0,1
64.0,198.0,1
64.0,155.0,1
64.0,147.0,1
64.0,141.0,1
64.0,139.0,1
64.0,129.0,1
64.0,124.0,1
64.0,123.0,1
64.0,120.0,1
64.0,118.0,1
64.0,116.0,1
64.0,112.0,1
64.0,109.0,1
64.0,108.0,1
64.0,100.0,1
64.0,99.0,1
64.0,84.0,1
64.0,79.0,1
64.0,76.0,1
64.0,74.0,1
64.0,69.0,1
64.0,52.0,1
63.0,226.0,2
63.0,224.0,2
63.0,246.0,1
63.0,242.0,1
63.0,232.0,1
63.0,230.0,1
63.0,228.0,1
63.0,221.0,1
63.0,217.0,1
63.0,212.0,1
63.0,210.0,1
63.0,209.0,1
63.0,202.0,1
63.0,197.0,1
63.0,195.0,1
63.0,194.0,1
63.0,192.0,1
63.0,191.0,1
63.0,188.0,1
63.0,184.0,1
63.0,172.0,1
63.0,170.0,1
63.0,164.0,1
63.0,156.0,1
63.0,151.0,1
63.0,145.0,1
63.0,143.0,1
63.0,142.0,1
63.0,136.0,1
63.0,134.0,1
63.0,131.0,1
63.0,127.0,1
63.0,125.0,1
63.0,110.0,1
63.0,99.0,1
63.0,97.0,1
63.0,96.0,1
63.0,91.0,1
63.0,90.0,1
63.0,80.0,1
63.0,72.0,1
63.0,64.0,1
63.0,63.0,1
63.0,61.0,1
63.0,59.0,1
63.0,56.0,1
63.0,52.0,1
63.0,49.0,1
62.0,185.0,2
62.0,159.0,2
62.0,90.0,2
62.0,240.0,1
62.0,229.0,1
62.0,226.0,1
62.0,219.0,1
62.0,214.0,1
62.0,210.0,1
62.0,209.0,1
62.0,208.0,1
62.0,206.0,1
62.0,194.0,1
62.0,181.0,1
62.0,179.0,1
62.0,175.0,1
62.0,171.0,1
62.0,167.0,1
62.0,154.0,1
62.0,149.0,1
62.0,146.0,1
62.0,144.0,1
62.0,140.0,1
62.0,139.0,1
62.0,136.0,1
62.0,129.0,1
62.0,106.0,1
62.0,98.0,1
62.0,96.0,1
62.0,85.0,1
62.0,83.0,1
62.0,82.0,1
62.0,79.0,1
62.0,77.0,1
62.0,73.0,1
62.0,63.0,1
62.0,61.0,1
62.0,56.0,1
62.0,52.0,1
62.0,46.0,1
61.0,209.0,2
61.0,154.0,2
61.0,249.0,1
61.0,245.0,1
61.0,236.0,1
61.0,234.0,1
61.0,223.0,1
61.0,220.0,1
61.0,217.0,1
61.0,210.0,1
61.0,206.0,1
61.0,204.0,1
61.0,203.0,1
61.0,201.0,1
61.0,194.0,1
61.0,180.0,1
61.0,177.0,1
61.0,175.0,1
61.0,171.0,1
61.0,168.0,1
61.0,163.0,1
61.0,134.0,1
61.0,128.0,1
61.0,127.0,1
61.0,114.0,1
61.0,110.0,1
61.0,93.0,1
61.0,88.0,1
61.0,86.0,1
61.0,84.0,1
61.0,77.0,1
61.0,69.0,1
61.0,56.0,1
61.0,55.0,1
61.0,49.0,1
61.0,47.0,1
60.0,191.0,3
60.0,123.0,2
60.0,247.0,1
60.0,243.0,1
60.0,240.0,1
60.0,238.0,1
60.0,226.0,1
60.0,221.0,1
60.0,220.0,1
60.0,211.0,1
60.0,210.0,1
60.0,200.0,1
60.0,193.0,1
60.0,183.0,1
60.0,177.0,1
60.0,168.0,1
60.0,165.0,1
60.0,164.0,1
60.0,158.0,1
60.0,157.0,1
60.0,153.0,1
60.0,149.0,1
60.0,145.0,1
60.0,139.0,1
60.0,138.0,1
60.0,132.0,1
60.0,130.0,1
60.0,127.0,1
60.0,110.0,1
60.0,105.0,1
60.0,102.0,1
60.0,100.0,1
60.0,93.0,1
60.0,91.0,1
60.0,78.0,1
60.0,77.0,1
60.0,76.0,1
60.0,70.0,1
60.0,63.0,1
60.0,51.0,1
60.0,49.0,1
60.0,46.0,1
60.0,45.0,1
60.0,,0
59.0,239.0,2
59.0,133.0,2
59.0,66.0,2
59.0,246.0,1
59.0,236.0,1
59.0,210.0,1
59.0,208.0,1
59.0,188.0,1
59.0,180.0,1
59.0,171.0,1
59.0,162.0,1
59.0,160.0,1
59.0,154.0,1
59.0,150.0,1
59.0,122.0,1
59.0,121.0,1
59.0,119.0,1
59.0,113.0,1
59.0,107.0,1
59.0,99.0,1
59.0,90.0,1
59.0,76.0,1
59.0,62.0,1
59.0,59.0,1
59.0,53.0,1
59.0,45.0,1
59.0,44.0,1
58.0,248.0,1
58.0,245.0,1
58.0,243.0,1
58.0,218.0,1
58.0,216.0,1
58.0,210.0,1
58.0,208.0,1
58.0,207.0,1
58.0,206.0,1
58.0,205.0,1
58.0,197.0,1
58.0,187.0,1
58.0,183.0,1
58.0,175.0,1
58.0,164.0,1
58.0,155.0,1
58.0,137.0,1
58.0,135.0,1
58.0,129.0,1
58.0,127.0,1
58.0,125.0,1
58.0,109.0,1
58.0,100.0,1
58.0,91.0,1
58.0,87.0,1
58.0,78.0,1
58.0,73.0,1
58.0,63.0,1
58.0,59.0,1
58.0,57.0,1
58.0,55.0,1
57.0,226.0,2
57.0,75.0,2
57.0,69.0,2
57.0,47.0,2
57.0,244.0,1
57.0,231.0,1
57.0,227.0,1
57.0,225.0,1
57.0,222.0,1
57.0,217.0,1
57.0,212.0,1
57.0,206.0,1
57.0,198.0,1
57.0,190.0,1
57.0,189.0,1
57.0,188.0,1
57.0,176.0,1
57.0,163.0,1
57.0,159.0,1
57.0,141.0,1
57.0,135.0,1
57.0,132.0,1
57.0,129.0,1
57.0,128.0,1
57.0,112.0,1
57.0,110.0,1
57.0,106.0,1
57.0,98.0,1
57.0,90.0,1
57.0,79.0,1
57.0,62.0,1
57.0,49.0,1
56.0,226.0,2
56.0,197.0,2
56.0,184.0,2
56.0,245.0,1
56.0,244.0,1
56.0,242.0,1
56.0,227.0,1
56.0,211.0,1
56.0,210.0,1
56.0,205.0,1
56.0,177.0,1
56.0,176.0,1
56.0,172.0,1
56.0,170.0,1
56.0,165.0,1
56.0,160.0,1
56.0,148.0,1
56.0,139.0,1
56.0,138.0,1
56.0,137.0,1
56.0,129.0,1
56.0,121.0,1
56.0,120.0,1
56.0,113.0,1
56.0,112.0,1
56.0,111.0,1
56.0,109.0,1
56.0,102.0,1
56.0,97.0,1
56.0,83.0,1
56.0,72.0,1
56.0,71.0,1
56.0,55.0,1
56.0,54.0,1
55.0,195.0,3
55.0,243.0,2
55.0,222.0,2
55.0,153.0,2
55.0,137.0,2
55.0,95.0,2
55.0,245.0,1
55.0,228.0,1
55.0,206.0,1
55.0,203.0,1
55.0,192.0,1
55.0,191.0,1
55.0,169.0,1
55.0,166.0,1
55.0,163.0,1
55.0,155.0,1
55.0,154.0,1
55.0,149.0,1
55.0,141.0,1
55.0,140.0,1
55.0,136.0,1
55.0,132.0,1
55.0,129.0,1
55.0,124.0,1
55.0,119.0,1
55.0,117.0,1
55.0,115.0,1
55.0,108.0,1
55.0,88.0,1
55.0,86.0,1
55.0,81.0,1
55.0,77.0,1
55.0,76.0,1
55.0,74.0,1
55.0,72.0,1
55.0,71.0,1
55.0,63.0,1
55.0,56.0,1
55.0,55.0,1
54.0,204.0,2
54.0,195.0,2
54.0,81.0,2
54.0,74.0,2
54.0,58.0,2
54.0,248.0,1
54.0,245.0,1
54.0,244.0,1
54.0,240.0,1
54.0,227.0,1
54.0,221.0,1
54.0,220.0,1
54.0,219.0,1
54.0,217.0,1
54.0,211.0,1
54.0,208.0,1
54.0,193.0,1
54.0,162.0,1
54.0,157.0,1
54.0,147.0,1
54.0,146.0,1
54.0,134.0,1
54.0,128.0,1
54.0,117.0,1
54.0,115.0,1
54.0,104.0,1
54.0,101.0,1
54.0,78.0,1
54.0,76.0,1
54.0,67.0,1
54.0,66.0,1
54.0,57.0,1
54.0,55.0,1
54.0,51.0,1
54.0,48.0,1
54.0,40.0,1
53.0,163.0,2
53.0,159.0,2
53.0,149.0,2
53.0,100.0,2
53.0,55.0,2
53.0,246.0,1
53.0,233.0,1
53.0,205.0,1
53.0,202.0,1
53.0,199.0,1
53.0,198.0,1
53.0,197.0,1
53.0,189.0,1
53.0,183.0,1
53.0,136.0,1
53.0,128.0,1
53.0,124.0,1
53.0,119.0,1
53.0,96.0,1
53.0,93.0,1
53.0,69.0,1
53.0,66.0,1
53.0,44.0,1
53.0,41.0,1
52.0,231.0,2
52.0,225.0,2
52.0,97.0,2
52.0,248.0,1
52.0,246.0,1
52.0,241.0,1
52.0,240.0,1
52.0,239.0,1
52.0,237.0,1
52.0,227.0,1
52.0,226.0,1
52.0,223.0,1
52.0,220.0,1
52.0,215.0,1
52.0,211.0,1
52.0,208.0,1
52.0,199.0,1
52.0,194.0,1
52.0,189.0,1
52.0,188.0,1
52.0,185.0,1
52.0,181.0,1
52.0,179.0,1
52.0,178.0,1
52.0,170.0,1
52.0,169.0,1
52.0,168.0,1
52.0,164.0,1
52.0,160.0,1
52.0,155.0,1
52.0,146.0,1
52.0,144.0,1
52.0,142.0,1
52.0,141.0,1
52.0,129.0,1
52.0,128.0,1
52.0,127.0,1
52.0,124.0,1
52.0,120.0,1
52.0,119.0,1
52.0,117.0,1
52.0,110.0,1
52.0,108.0,1
52.0,95.0,1
52.0,83.0,1
52.0,82.0,1
52.0,68.0,1
52.0,66.0,1
52.0,64.0,1
52.0,46.0,1
51.0,156.0,2
51.0,147.0,2
51.0,145.0,2
51.0,93.0,2
51.0,55.0,2
51.0,48.0,2
51.0,41.0,2
51.0,238.0,1
51.0,236.0,1
51.0,227.0,1
51.0,221.0,1
51.0,214.0,1
51.0,213.0,1
51.0,210.0,1
51.0,206.0,1
51.0,184.0,1
51.0,182.0,1
51.0,176.0,1
51.0,171.0,1
51.0,168.0,1
51.0,146.0,1
51.0,141.0,1
51.0,129.0,1
51.0,120.0,1
51.0,114.0,1
51.0,108.0,1
51.0,102.0,1
51.0,99.0,1
51.0,96.0,1
51.0,90.0,1
51.0,89.0,1
51.0,84.0,1
51.0,81.0,1
51.0,80.0,1
51.0,74.0,1
51.0,70.0,1
50.0,130.0,2
50.0,124.0,2
50.0,249.0,1
50.0,242.0,1
50.0,236.0,1
50.0,233.0,1
50.0,218.0,1
50.0,215.0,1
50.0,213.0,1
50.0,210.0,1
50.0,204.0,1
50.0,203.0,1
50.0,202.0,1
50.0,195.0,1
50.0,193.0,1
50.0,187.0,1
50.0,172.0,1
50.0,166.0,1
50.0,157.0,1
50.0,147.0,1
50.0,138.0,1
50.0,137.0,1
50.0,135.0,1
50.0,134.0,1
50.0,123.0,1
50.0,121.0,1
50.0,117.0,1
50.0,106.0,1
50.0,101.0,1
50.0,86.0,1
50.0,81.0,1
50.0,76.0,1
50.0,69.0,1
50.0,64.0,1
50.0,62.0,1
50.0,58.0,1
49.0,249.0,2
49.0,220.0,2
49.0,55.0,2
49.0,247.0,1
49.0,245.0,1
49.0,244.0,1
49.0,241.0,1
49.0,233.0,1
49.0,225.0,1
49.0,221.0,1
49.0,217.0,1
49.0,214.0,1
49.0,208.0,1
49.0,202.0,1
49.0,200.0,1
49.0,198.0,1
49.0,187.0,1
49.0,180.0,1
49.0,153.0,1
49.0,142.0,1
49.0,134.0,1
49.0,127.0,1
49.0,124.0,1
49.0,119.0,1
49.0,117.0,1
49.0,116.0,1
49.0,107.0,1
49.0,97.0,1
49.0,95.0,1
49.0,90.0,1
49.0,85.0,1
49.0,71.0,1
49.0,68.0,1
49.0,60.0,1
49.0,59.0,1
49.0,54.0,1
49.0,53.0,1
49.0,50.0,1
49.0,49.0,1
49.0,48.0,1
49.0,41.0,1
48.0,60.0,3
48.0,217.0,2
48.0,197.0,2
48.0,244.0,1
48.0,222.0,1
48.0,213.0,1
48.0,210.0,1
48.0,207.0,1
48.0,206.0,1
48.0,196.0,1
48.0,184.0,1
48.0,180.0,1
48.0,179.0,1
48.0,177.0,1
48.0,175.0,1
48.0,168.0,1
48.0,159.0,1
48.0,157.0,1
48.0,153.0,1
48.0,151.0,1
48.0,135.0,1
48.0,129.0,1
48.0,127.0,1
48.0,125.0,1
48.0,118.0,1
48.0,117.0,1
48.0,112.0,1
48.0,108.0,1
48.0,107.0,1
48.0,106.0,1
48.0,102.0,1
48.0,97.0,1
48.0,95.0,1
48.0,94.0,1
48.0,91.0,1
48.0,73.0,1
48.0,71.0,1
48.0,65.0,1
48.0,58.0,1
48.0,50.0,1
48.0,47.0,1
47.0,137.0,2
47.0,49.0,2
47.0,249.0,1
47.0,241.0,1
47.0,221.0,1
47.0,204.0,1
47.0,200.0,1
47.0,198.0,1
47.0,196.0,1
47.0,195.0,1
47.0,183.0,1
47.0,180.0,1
47.0,164.0,1
47.0,158.0,1
47.0,155.0,1
47.0,145.0,1
47.0,143.0,1
47.0,133.0,1
47.0,128.0,1
47.0,119.0,1
47.0,106.0,1
47.0,103.0,1
47.0,100.0,1
47.0,96.0,1
47.0,94.0,1
47.0,93.0,1
47.0,75.0,1
47.0,74.0,1
47.0,71.0,1
47.0,68.0,1
47.0,67.0,1
47.0,63.0,1
47.0,62.0,1
47.0,61.0,1
47.0,58.0,1
47.0,51.0,1
47.0,50.0,1
46.0,202.0,2
46.0,175.0,2
46.0,106.0,2
46.0,76.0,2
46.0,246.0,1
46.0,242.0,1
46.0,240.0,1
46.0,232.0,1
46.0,230.0,1
46.0,225.0,1
46.0,220.0,1
46.0,213.0,1
46.0,197.0,1
46.0,186.0,1
46.0,176.0,1
46.0,148.0,1
46.0,147.0,1
46.0,141.0,1
46.0,137.0,1
46.0,133.0,1
46.0,132.0,1
46.0,124.0,1
46.0,120.0,1
46.0,118.0,1
46.0,104.0,1
46.0,98.0,1
46.0,62.0,1
46.0,56.0,1
46.0,53.0,1
46.0,48.0,1
46.0,44.0,1
45.0,194.0,2
45.0,181.0,2
45.0,168.0,2
45.0,137.0,2
45.0,106.0,2
45.0,101.0,2
45.0,237.0,1
45.0,234.0,1
45.0,233.0,1
45.0,209.0,1
45.0,204.0,1
45.0,202.0,1
45.0,193.0,1
45.0,191.0,1
45.0,190.0,1
45.0,189.0,1
45.0,178.0,1
45.0,173.0,1
45.0,161.0,1
45.0,160.0,1
45.0,159.0,1
45.0,149.0,1
45.0,146.0,1
45.0,136.0,1
45.0,125.0,1
45.0,123.0,1
45.0,118.0,1
45.0,116.0,1
45.0,102.0,1
45.0,99.0,1
45.0,87.0,1
45.0,79.0,1
45.0,75.0,1
45.0,72.0,1
45.0,70.0,1
45.0,67.0,1
45.0,65.0,1
45.0,61.0,1
45.0,60.0,1
45.0,45.0,1
44.0,243.0,3
44.0,103.0,3
44.0,240.0,2
44.0,137.0,2
44.0,236.0,1
44.0,235.0,1
44.0,234.0,1
44.0,220.0,1
44.0,217.0,1
44.0,215.0,1
44.0,204.0,1
44.0,190.0,1
44.0,188.0,1
44.0,185.0,1
44.0,175.0,1
44.0,165.0,1
44.0,161.0,1
44.0,160.0,1
44.0,159.0,1
44.0,157.0,1
44.0,133.0,1
44.0,130.0,1
44.0,129.0,1
44.0,128.0,1
44.0,109.0,1
44.0,107.0,1
44.0,88.0,1
44.0,85.0,1
44.0,84.0,1
44.0,76.0,1
44.0,73.0,1
44.0,71.0,1
44.0,64.0,1
44.0,62.0,1
44.0,60.0,1
44.0,55.0,1
44.0,40.0,1
43.0,246.0,3
43.0,155.0,3
43.0,234.0,2
43.0,163.0,2
43.0,162.0,2
43.0,142.0,2
43.0,120.0,2
43.0,94.0,2
43.0,81.0,2
43.0,242.0,1
43.0,241.0,1
43.0,240.0,1
43.0,238.0,1
43.0,233.0,1
43.0,221.0,1
43.0,206.0,1
43.0,195.0,1
43.0,190.0,1
43.0,188.0,1
43.0,184.0,1
43.0,182.0,1
43.0,179.0,1
43.0,172.0,1
43.0,168.0,1
43.0,166.0,1
43.0,164.0,1
43.0,153.0,1
43.0,144.0,1
43.0,141.0,1
43.0,136.0,1
43.0,125.0,1
43.0,119.0,1
43.0,117.0,1
43.0,109.0,1
43.0,108.0,1
43.0,103.0,1
43.0,93.0,1
43.0,85.0,1
43.0,78.0,1
43.0,77.0,1
43.0,72.0,1
43.0,71.0,1
43.0,70.0,1
43.0,66.0,1
43.0,65.0,1
43.0,59.0,1
43.0,55.0,1
43.0,53.0,1
42.0,231.0,2
42.0,233.0,1
42.0,220.0,1
42.0,219.0,1
42.0,214.0,1
42.0,203.0,1
42.0,199.0,1
42.0,198.0,1
42.0,193.0,1
42.0,192.0,1
42.0,181.0,1
42.0,176.0,1
42.0,172.0,1
42.0,161.0,1
42.0,157.0,1
42.0,145.0,1
42.0,138.0,1
42.0,133.0,1
42.0,129.0,1
42.0,103.0,1
42.0,90.0,1
42.0,79.0,1
42.0,72.0,1
42.0,69.0,1
42.0,67.0,1
42.0,63.0,1
42.0,54.0,1
42.0,53.0,1
41.0,234.0,2
41.0,223.0,2
41.0,105.0,2
41.0,249.0,1
41.0,242.0,1
41.0,239.0,1
41.0,232.0,1
41.0,226.0,1
41.0,224.0,1
41.0,212.0,1
41.0,205.0,1
41.0,202.0,1
41.0,200.0,1
41.0,196.0,1
41.0,195.0,1
41.0,186.0,1
41.0,182.0,1
41.0,176.0,1
41.0,157.0,1
41.0,155.0,1
41.0,151.0,1
41.0,149.0,1
41.0,144.0,1
41.0,139.0,1
41.0,133.0,1
41.0,129.0,1
41.0,126.0,1
41.0,118.0,1
41.0,114.0,1
41.0,110.0,1
41.0,106.0,1
41.0,99.0,1
41.0,90.0,1
41.0,83.0,1
41.0,77.0,1
41.0,71.0,1
41.0,62.0,1
41.0,48.0,1
41.0,47.0,1
40.0,226.0,3
40.0,212.0,2
40.0,206.0,2
40.0,243.0,1
40.0,228.0,1
40.0,211.0,1
40.0,202.0,1
40.0,198.0,1
40.0,191.0,1
40.0,190.0,1
40.0,185.0,1
40.0,179.0,1
40.0,173.0,1
40.0,168.0,1
40.0,162.0,1
40.0,160.0,1
40.0,153.0,1
40.0,152.0,1
40.0,148.0,1
40.0,141.0,1
40.0,138.0,1
40.0,137.0,1
40.0,136.0,1
40.0,134.0,1
40.0,123.0,1
40.0,109.0,1
40.0,77.0,1
40.0,76.0,1
40.0,75.0,1
40.0,70.0,1
40.0,63.0,1
40.0,56.0,1
39.0,97.0,3
39.0,188.0,2
39.0,154.0,2
39.0,123.0,2
39.0,100.0,2
39.0,241.0,1
39.0,215.0,1
39.0,212.0,1
39.0,203.0,1
39.0,189.0,1
39.0,186.0,1
39.0,184.0,1
39.0,183.0,1
39.0,176.0,1
39.0,175.0,1
39.0,173.0,1
39.0,169.0,1
39.0,165.0,1
39.0,164.0,1
39.0,157.0,1
39.0,153.0,1
39.0,150.0,1
39.0,138.0,1
39.0,124.0,1
39.0,120.0,1
39.0,116.0,1
39.0,114.0,1
39.0,93.0,1
39.0,87.0,1
39.0,86.0,1
39.0,83.0,1
39.0,76.0,1
39.0,72.0,1
39.0,67.0,1
39.0,63.0,1
38.0,231.0,2
38.0,213.0,2
38.0,118.0,2
38.0,75.0,2
38.0,245.0,1
38.0,239.0,1
38.0,214.0,1
38.0,211.0,1
38.0,209.0,1
38.0,204.0,1
38.0,195.0,1
38.0,183.0,1
38.0,173.0,1
38.0,163.0,1
38.0,160.0,1
38.0,159.0,1
38.0,147.0,1
38.0,142.0,1
38.0,141.0,1
38.0,139.0,1
38.0,131.0,1
38.0,129.0,1
38.0,124.0,1
38.0,117.0,1
38.0,116.0,1
38.0,95.0,1
38.0,82.0,1
38.0,76.0,1
38.0,62.0,1
38.0,52.0,1
38.0,41.0,1
38.0,40.0,1
37.0,56.0,3
37.0,171.0,2
37.0,149.0,2
37.0,108.0,2
37.0,105.0,2
37.0,76.0,2
37.0,241.0,1
37.0,238.0,1
37.0,226.0,1
37.0,197.0,1
37.0,196.0,1
37.0,186.0,1
37.0,178.0,1
37.0,176.0,1
37.0,168.0,1
37.0,155.0,1
37.0,145.0,1
37.0,144.0,1
37.0,141.0,1
37.0,121.0,1
37.0,113.0,1
37.0,107.0,1
37.0,100.0,1
37.0,94.0,1
37.0,87.0,1
37.0,81.0,1
37.0,77.0,1
37.0,74.0,1
37.0,63.0,1
37.0,60.0,1
36.0,187.0,2
36.0,53.0,2
36.0,244.0,1
36.0,231.0,1
36.0,229.0,1
36.0,226.0,1
36.0,213.0,1
36.0,203.0,1
36.0,190.0,1
36.0,181.0,1
36.0,180.0,1
36.0,170.0,1
36.0,164.0,1
36.0,152.0,1
36.0,137.0,1
36.0,129.0,1
36.0,128.0,1
36.0,111.0,1
36.0,106.0,1
36.0,100.0,1
36.0,99.0,1
36.0,80.0,1
36.0,78.0,1
35.0,240.0,1
35.0,224.0,1
35.0,220.0,1
35.0,214.0,1
35.0,211.0,1
35.0,206.0,1
35.0,195.0,1
35.0,192.0,1
35.0,191.0,1
35.0,190.0,1
35.0,179.0,1
35.0,177.0,1
35.0,152.0,1
35.0,151.0,1
35.0,149.0,1
35.0,144.0,1
35.0,143.0,1
35.0,140.0,1
35.0,138.0,1
35.0,137.0,1
35.0,135.0,1
35.0,132.0,1
35.0,124.0,1
35.0,120.0,1
35.0,106.0,1
35.0,102.0,1
35.0,100.0,1
35.0,99.0,1
35.0,86.0,1
35.0,77.0,1
35.0,76.0,1
35.0,73.0,1
35.0,62.0,1
35.0,55.0,1
34.0,174.0,4
34.0,226.0,2
34.0,203.0,2
34.0,159.0,2
34.0,133.0,2
34.0,240.0,1
34.0,239.0,1
34.0,227.0,1
34.0,221.0,1
34.0,220.0,1
34.0,211.0,1
34.0,209.0,1
34.0,191.0,1
34.0,188.0,1
34.0,183.0,1
34.0,181.0,1
34.0,180.0,1
34.0,171.0,1
34.0,169.0,1
34.0,168.0,1
34.0,158.0,1
34.0,148.0,1
34.0,136.0,1
34.0,131.0,1
34.0,126.0,1
34.0,125.0,1
34.0,115.0,1
34.0,107.0,1
34.0,100.0,1
34.0,95.0,1
34.0,89.0,1
34.0,82.0,1
34.0,78.0,1
34.0,76.0,1
34.0,46.0,1
34.0,41.0,1
33.0,249.0,1
33.0,245.0,1
33.0,242.0,1
33.0,236.0,1
33.0,234.0,1
33.0,231.0,1
33.0,228.0,1
33.0,211.0,1
33.0,208.0,1
33.0,202.0,1
33.0,195.0,1
33.0,186.0,1
33.0,177.0,1
33.0,176.0,1
33.0,167.0,1
33.0,164.0,1
33.0,163.0,1
33.0,158.0,1
33.0,156.0,1
33.0,151.0,1
33.0,144.0,1
33.0,143.0,1
33.0,140.0,1
33.0,138.0,1
33.0,120.0,1
33.0,114.0,1
33.0,104.0,1
33.0,101.0,1
33.0,100.0,1
33.0,99.0,1
33.0,84.0,1
33.0,81.0,1
33.0,77.0,1
33.0,70.0,1
33.0,66.0,1
33.0,64.0,1
33.0,61.0,1
33.0,55.0,1
33.0,54.0,1
33.0,52.0,1
33.0,51.0,1
32.0,69.0,3
32.0,179.0,2
32.0,142.0,2
32.0,87.0,2
32.0,245.0,1
32.0,234.0,1
32.0,233.0,1
32.0,227.0,1
32.0,224.0,1
32.0,221.0,1
32.0,213.0,1
32.0,210.0,1
32.0,199.0,1
32.0,195.0,1
32.0,178.0,1
32.0,174.0,1
32.0,172.0,1
32.0,168.0,1
32.0,166.0,1
32.0,164.0,1
32.0,161.0,1
32.0,160.0,1
32.0,159.0,1
32.0,153.0,1
32.0,147.0,1
32.0,145.0,1
32.0,138.0,1
32.0,127.0,1
32.0,126.0,1
32.0,124.0,1
32.0,117.0,1
32.0,114.0,1
32.0,108.0,1
32.0,105.0,1
32.0,85.0,1
32.0,60.0,1
32.0,47.0,1
32.0,46.0,1
31.0,234.0,2
31.0,210.0,2
31.0,183.0,2
31.0,175.0,2
31.0,139.0,2
31.0,245.0,1
31.0,239.0,1
31.0,215.0,1
31.0,208.0,1
31.0,191.0,1
31.0,184.0,1
31.0,173.0,1
31.0,170.0,1
31.0,169.0,1
31.0,157.0,1
31.0,149.0,1
31.0,143.0,1
31.0,138.0,1
31.0,137.0,1
31.0,132.0,1
31.0,129.0,1
31.0,127.0,1
31.0,126.0,1
31.0,121.0,1
31.0,112.0,1
31.0,108.0,1
31.0,100.0,1
31.0,99.0,1
31.0,96.0,1
31.0,89.0,1
31.0,83.0,1
31.0,81.0,1
31.0,65.0,1
31.0,64.0,1
31.0,61.0,1
31.0,56.0,1
30.0,197.0,2
30.0,190.0,2
30.0,234.0,1
30.0,232.0,1
30.0,220.0,1
30.0,217.0,1
30.0,204.0,1
30.0,200.0,1
30.0,182.0,1
30.0,176.0,1
30.0,173.0,1
30.0,169.0,1
30.0,160.0,1
30.0,158.0,1
30.0,157.0,1
30.0,154.0,1
30.0,152.0,1
30.0,151.0,1
30.0,143.0,1
30.0,141.0,1
30.0,138.0,1
30.0,132.0,1
30.0,129.0,1
30.0,128.0,1
30.0,124.0,1
30.0,108.0,1
30.0,107.0,1
30.0,95.0,1
30.0,69.0,1
30.0,62.0,1
30.0,49.0,1
30.0,47.0,1
30.0,45.0,1
29.0,240.0,2
29.0,228.0,2
29.0,200.0,2
29.0,199.0,2
29.0,192.0,2
29.0,76.0,2
29.0,249.0,1
29.0,244.0,1
29.0,239.0,1
29.0,237.0,1
29.0,233.0,1
29.0,221.0,1
29.0,208.0,1
29.0,204.0,1
29.0,198.0,1
29.0,188.0,1
29.0,187.0,1
29.0,185.0,1
29.0,183.0,1
29.0,182.0,1
29.0,181.0,1
29.0,180.0,1
29.0,177.0,1
29.0,173.0,1
29.0,167.0,1
29.0,161.0,1
29.0,160.0,1
29.0,147.0,1
29.0,141.0,1
29.0,132.0,1
29.0,129.0,1
29.0,128.0,1
29.0,125.0,1
29.0,119.0,1
29.0,114.0,1
29.0,113.0,1
29.0,96.0,1
29.0,86.0,1
29.0,77.0,1
29.0,71.0,1
29.0,67.0,1
29.0,55.0,1
29.0,51.0,1
29.0,47.0,1
28.0,221.0,2
28.0,202.0,2
28.0,119.0,2
28.0,227.0,1
28.0,226.0,1
28.0,225.0,1
28.0,220.0,1
28.0,217.0,1
28.0,214.0,1
28.0,199.0,1
28.0,184.0,1
28.0,175.0,1
28.0,164.0,1
28.0,159.0,1
28.0,151.0,1
28.0,148.0,1
28.0,146.0,1
28.0,145.0,1
28.0,135.0,1
28.0,127.0,1
28.0,121.0,1
28.0,113.0,1
28.0,72.0,1
28.0,71.0,1
28.0,69.0,1
28.0,48.0,1
27.0,161.0,3
27.0,246.0,2
27.0,247.0,1
27.0,229.0,1
27.0,226.0,1
27.0,223.0,1
27.0,220.0,1
27.0,212.0,1
27.0,202.0,1
27.0,197.0,1
27.0,186.0,1
27.0,185.0,1
27.0,181.0,1
27.0,179.0,1
27.0,176.0,1
27.0,171.0,1
27.0,168.0,1
27.0,165.0,1
27.0,147.0,1
27.0,137.0,1
27.0,135.0,1
27.0,132.0,1
27.0,130.0,1
27.0,126.0,1
27.0,123.0,1
27.0,116.0,1
27.0,107.0,1
27.0,105.0,1
27.0,103.0,1
27.0,98.0,1
27.0,97.0,1
27.0,85.0,1
27.0,82.0,1
27.0,75.0,1
27.0,72.0,1
27.0,71.0,1
27.0,64.0,1
27.0,62.0,1
27.0,55.0,1
26.0,245.0,2
26.0,218.0,2
26.0,109.0,2
26.0,249.0,1
26.0,242.0,1
26.0,241.0,1
26.0,231.0,1
26.0,226.0,1
26.0,210.0,1
26.0,188.0,1
26.0,180.0,1
26.0,175.0,1
26.0,173.0,1
26.0,164.0,1
26.0,149.0,1
26.0,147.0,1
26.0,142.0,1
26.0,134.0,1
26.0,111.0,1
26.0,108.0,1
26.0,102.0,1
26.0,100.0,1
26.0,90.0,1
26.0,88.0,1
26.0,80.0,1
26.0,77.0,1
26.0,65.0,1
26.0,61.0,1
26.0,60.0,1
26.0,56.0,1
26.0,47.0,1
25.0,88.0,2
25.0,79.0,2
25.0,245.0,1
25.0,238.0,1
25.0,234.0,1
25.0,232.0,1
25.0,226.0,1
25.0,225.0,1
25.0,220.0,1
25.0,219.0,1
25.0,213.0,1
25.0,212.0,1
25.0,210.0,1
25.0,209.0,1
25.0,206.0,1
25.0,197.0,1
25.0,196.0,1
25.0,194.0,1
25.0,190.0,1
25.0,176.0,1
25.0,172.0,1
25.0,169.0,1
25.0,163.0,1
25.0,160.0,1
25.0,159.0,1
25.0,152.0,1
25.0,145.0,1
25.0,138.0,1
25.0,124.0,1
25.0,119.0,1
25.0,117.0,1
25.0,112.0,1
25.0,106.0,1
25.0,99.0,1
25.0,93.0,1
25.0,81.0,1
25.0,66.0,1
25.0,49.0,1
25.0,41.0,1
24.0,158.0,2
24.0,153.0,2
24.0,137.0,2
24.0,108.0,2
24.0,81.0,2
24.0,246.0,1
24.0,240.0,1
24.0,238.0,1
24.0,233.0,1
24.0,204.0,1
24.0,200.0,1
24.0,197.0,1
24.0,184.0,1
24.0,183.0,1
24.0,178.0,1
24.0,175.0,1
24.0,166.0,1
24.0,147.0,1
24.0,135.0,1
24.0,134.0,1
24.0,128.0,1
24.0,120.0,1
24.0,117.0,1
24.0,114.0,1
24.0,97.0,1
24.0,95.0,1
24.0,93.0,1
24.0,91.0,1
24.0,76.0,1
24.0,65.0,1
24.0,58.0,1
24.0,53.0,1
24.0,51.0,1
24.0,47.0,1
23.0,56.0,3
23.0,144.0,2
23.0,63.0,2
23.0,249.0,1
23.0,241.0,1
23.0,239.0,1
23.0,231.0,1
23.0,227.0,1
23.0,225.0,1
23.0,198.0,1
23.0,197.0,1
23.0,188.0,1
23.0,183.0,1
23.0,181.0,1
23.0,179.0,1
23.0,176.0,1
23.0,172.0,1
23.0,151.0,1
23.0,138.0,1
23.0,133.0,1
23.0,125.0,1
23.0,118.0,1
23.0,116.0,1
23.0,97.0,1
23.0,93.0,1
23.0,80.0,1
23.0,77.0,1
23.0,76.0,1
23.0,61.0,1
23.0,53.0,1
23.0,46.0,1
23.0,40.0,1
22.0,245.0,2
22.0,219.0,2
22.0,185.0,2
22.0,184.0,2
22.0,176.0,2
22.0,90.0,2
22.0,76.0,2
22.0,247.0,1
22.0,246.0,1
22.0,234.0,1
22.0,232.0,1
22.0,228.0,1
22.0,220.0,1
22.0,217.0,1
22.0,214.0,1
22.0,211.0,1
22.0,205.0,1
22.0,204.0,1
22.0,203.0,1
22.0,194.0,1
22.0,193.0,1
22.0,188.0,1
22.0,181.0,1
22.0,178.0,1
22.0,172.0,1
22.0,163.0,1
22.0,157.0,1
22.0,148.0,1
22.0,143.0,1
22.0,141.0,1
22.0,129.0,1
22.0,126.0,1
22.0,124.0,1
22.0,120.0,1
22.0,118.0,1
22.0,106.0,1
22.0,95.0,1
22.0,94.0,1
22.0,93.0,1
22.0,82.0,1
22.0,81.0,1
22.0,66.0,1
22.0,58.0,1
22.0,51.0,1
22.0,45.0,1
21.0,183.0,2
21.0,172.0,2
21.0,103.0,2
21.0,94.0,2
21.0,70.0,2
21.0,249.0,1
21.0,246.0,1
21.0,244.0,1
21.0,243.0,1
21.0,236.0,1
21.0,228.0,1
21.0,225.0,1
21.0,218.0,1
21.0,208.0,1
21.0,194.0,1
21.0,187.0,1
21.0,178.0,1
21.0,166.0,1
21.0,155.0,1
21.0,153.0,1
21.0,135.0,1
21.0,128.0,1
21.0,117.0,1
21.0,85.0,1
21.0,83.0,1
21.0,67.0,1
21.0,62.0,1
21.0,60.0,1
21.0,50.0,1
20.0,76.0,2
20.0,249.0,1
20.0,245.0,1
20.0,237.0,1
20.0,234.0,1
20.0,221.0,1
20.0,215.0,1
20.0,194.0,1
20.0,193.0,1
20.0,189.0,1
20.0,185.0,1
20.0,151.0,1
20.0,132.0,1
20.0,129.0,1
20.0,125.0,1
20.0,121.0,1
20.0,114.0,1
20.0,107.0,1
20.0,105.0,1
20.0,103.0,1
20.0,102.0,1
20.0,101.0,1
20.0,100.0,1
20.0,99.0,1
20.0,89.0,1
20.0,77.0,1
20.0,72.0,1
20.0,71.0,1
20.0,68.0,1
20.0,66.0,1
20.0,56.0,1
20.0,55.0,1
20.0,52.0,1
20.0,49.0,1
20.0,46.0,1
20.0,45.0,1
19.0,156.0,3
19.0,246.0,2
19.0,247.0,1
19.0,245.0,1
19.0,241.0,1
19.0,233.0,1
19.0,231.0,1
19.0,216.0,1
19.0,211.0,1
19.0,210.0,1
19.0,202.0,1
19.0,195.0,1
19.0,187.0,1
19.0,182.0,1
19.0,177.0,1
19.0,172.0,1
19.0,154.0,1
19.0,151.0,1
19.0,148.0,1
19.0,145.0,1
19.0,141.0,1
19.0,133.0,1
19.0,127.0,1
19.0,124.0,1
19.0,94.0,1
19.0,89.0,1
19.0,83.0,1
19.0,81.0,1
19.0,74.0,1
19.0,69.0,1
19.0,61.0,1
19.0,56.0,1
19.0,48.0,1
19.0,47.0,1
19.0,46.0,1
19.0,41.0,1
19.0,40.0,1
18.0,137.0,2
18.0,133.0,2
18.0,55.0,2
18.0,248.0,1
18.0,247.0,1
18.0,243.0,1
18.0,241.0,1
18.0,224.0,1
18.0,222.0,1
18.0,221.0,1
18.0,217.0,1
18.0,192.0,1
18.0,184.0,1
18.0,183.0,1
18.0,181.0,1
18.0,178.0,1
18.0,177.0,1
18.0,164.0,1
18.0,160.0,1
18.0,158.0,1
18.0,145.0,1
18.0,120.0,1
18.0,94.0,1
18.0,93.0,1
18.0,82.0,1
18.0,76.0,1
18.0,69.0,1
18.0,67.0,1
18.0,48.0,1
17.0,206.0,2
17.0,127.0,2
17.0,93.0,2
17.0,249.0,1
17.0,226.0,1
17.0,225.0,1
17.0,222.0,1
17.0,218.0,1
17.0,216.0,1
17.0,202.0,1
17.0,201.0,1
17.0,196.0,1
17.0,184.0,1
17.0,178.0,1
17.0,168.0,1
17.0,164.0,1
17.0,154.0,1
17.0,153.0,1
17.0,152.0,1
17.0,151.0,1
17.0,148.0,1
17.0,147.0,1
17.0,145.0,1
17.0,133.0,1
17.0,123.0,1
17.0,99.0,1
17.0,95.0,1
17.0,92.0,1
17.0,91.0,1
17.0,87.0,1
17.0,85.0,1
17.0,81.0,1
17.0,76.0,1
17.0,59.0,1
17.0,57.0,1
16.0,217.0,3
16.0,222.0,2
16.0,41.0,2
16.0,244.0,1
16.0,243.0,1
16.0,234.0,1
16.0,232.0,1
16.0,225.0,1
16.0,207.0,1
16.0,198.0,1
16.0,195.0,1
16.0,179.0,1
16.0,175.0,1
16.0,174.0,1
16.0,167.0,1
16.0,164.0,1
16.0,159.0,1
16.0,157.0,1
16.0,148.0,1
16.0,141.0,1
16.0,138.0,1
16.0,135.0,1
16.0,125.0,1
16.0,119.0,1
16.0,106.0,1
16.0,101.0,1
16.0,96.0,1
16.0,86.0,1
16.0,77.0,1
16.0,69.0,1
16.0,59.0,1
16.0,56.0,1
16.0,52.0,1
16.0,49.0,1
16.0,42.0,1
15.0,225.0,2
15.0,148.0,2
15.0,95.0,2
15.0,226.0,1
15.0,220.0,1
15.0,217.0,1
15.0,200.0,1
15.0,197.0,1
15.0,194.0,1
15.0,193.0,1
15.0,186.0,1
15.0,184.0,1
15.0,181.0,1
15.0,171.0,1
15.0,168.0,1
15.0,160.0,1
15.0,153.0,1
15.0,142.0,1
15.0,140.0,1
15.0,131.0,1
15.0,128.0,1
15.0,124.0,1
15.0,109.0,1
15.0,108.0,1
15.0,107.0,1
15.0,106.0,1
15.0,103.0,1
15.0,99.0,1
15.0,98.0,1
15.0,79.0,1
15.0,71.0,1
15.0,62.0,1
15.0,41.0,1
14.0,144.0,2
14.0,248.0,1
14.0,240.0,1
14.0,228.0,1
14.0,214.0,1
14.0,210.0,1
14.0,208.0,1
14.0,187.0,1
14.0,175.0,1
14.0,164.0,1
14.0,163.0,1
14.0,156.0,1
14.0,151.0,1
14.0,143.0,1
14.0,141.0,1
14.0,137.0,1
14.0,116.0,1
14.0,106.0,1
14.0,97.0,1
14.0,96.0,1
14.0,93.0,1
14.0,89.0,1
14.0,88.0,1
14.0,84.0,1
14.0,72.0,1
14.0,67.0,1
14.0,52.0,1
14.0,47.0,1
14.0,42.0,1
13.0,197.0,2
13.0,145.0,2
13.0,72.0,2
13.0,237.0,1
13.0,213.0,1
13.0,207.0,1
13.0,202.0,1
13.0,195.0,1
13.0,193.0,1
13.0,177.0,1
13.0,169.0,1
13.0,163.0,1
13.0,161.0,1
13.0,158.0,1
13.0,147.0,1
13.0,146.0,1
13.0,141.0,1
13.0,140.0,1
13.0,102.0,1
13.0,74.0,1
13.0,67.0,1
13.0,62.0,1
13.0,61.0,1
13.0,60.0,1
13.0,53.0,1
13.0,51.0,1
13.0,45.0,1
13.0,41.0,1
12.0,144.0,2
12.0,128.0,2
12.0,102.0,2
12.0,244.0,1
12.0,241.0,1
12.0,239.0,1
12.0,238.0,1
12.0,226.0,1
12.0,223.0,1
12.0,221.0,1
12.0,218.0,1
12.0,204.0,1
12.0,201.0,1
12.0,200.0,1
12.0,191.0,1
12.0,172.0,1
12.0,170.0,1
12.0,163.0,1
12.0,160.0,1
12.0,159.0,1
12.0,147.0,1
12.0,118.0,1
12.0,103.0,1
12.0,93.0,1
12.0,83.0,1
12.0,81.0,1
12.0,79.0,1
12.0,76.0,1
12.0,75.0,1
12.0,73.0,1
12.0,52.0,1
12.0,42.0,1
12.0,40.0,1
11.0,227.0,2
11.0,246.0,1
11.0,238.0,1
11.0,235.0,1
11.0,234.0,1
11.0,231.0,1
11.0,213.0,1
11.0,188.0,1
11.0,185.0,1
11.0,184.0,1
11.0,181.0,1
11.0,178.0,1
11.0,177.0,1
11.0,172.0,1
11.0,166.0,1
11.0,156.0,1
11.0,149.0,1
11.0,148.0,1
11.0,143.0,1
11.0,132.0,1
11.0,130.0,1
11.0,120.0,1
11.0,111.0,1
11.0,99.0,1
11.0,97.0,1
11.0,85.0,1
11.0,83.0,1
11.0,76.0,1
11.0,73.0,1
11.0,68.0,1
11.0,64.0,1
11.0,43.0,1
10.0,81.0,3
10.0,184.0,2
10.0,172.0,2
10.0,120.0,2
10.0,99.0,2
10.0,244.0,1
10.0,239.0,1
10.0,221.0,1
10.0,217.0,1
10.0,209.0,1
10.0,191.0,1
10.0,188.0,1
10.0,179.0,1
10.0,178.0,1
10.0,153.0,1
10.0,124.0,1
10.0,121.0,1
10.0,113.0,1
10.0,105.0,1
10.0,98.0,1
10.0,93.0,1
10.0,88.0,1
10.0,80.0,1
10.0,77.0,1
10.0,75.0,1
10.0,66.0,1
10.0,46.0,1
10.0,45.0,1
9.0,179.0,2
9.0,245.0,1
9.0,239.0,1
9.0,230.0,1
9.0,228.0,1
9.0,221.0,1
9.0,206.0,1
9.0,198.0,1
9.0,197.0,1
9.0,195.0,1
9.0,194.0,1
9.0,180.0,1
9.0,137.0,1
9.0,106.0,1
9.0,103.0,1
9.0,102.0,1
9.0,100.0,1
9.0,85.0,1
9.0,75.0,1
9.0,73.0,1
9.0,58.0,1
9.0,56.0,1
9.0,55.0,1
9.0,49.0,1
9.0,48.0,1
9.0,45.0,1
8.0,217.0,2
8.0,200.0,2
8.0,87.0,2
8.0,74.0,2
8.0,248.0,1
8.0,246.0,1
8.0,243.0,1
8.0,235.0,1
8.0,227.0,1
8.0,222.0,1
8.0,212.0,1
8.0,211.0,1
8.0,205.0,1
8.0,188.0,1
8.0,187.0,1
8.0,185.0,1
8.0,183.0,1
8.0,175.0,1
8.0,172.0,1
8.0,171.0,1
8.0,167.0,1
8.0,155.0,1
8.0,150.0,1
8.0,137.0,1
8.0,108.0,1
8.0,81.0,1
8.0,73.0,1
8.0,65.0,1
8.0,59.0,1
8.0,48.0,1
8.0,44.0,1
7.0,228.0,2
7.0,184.0,2
7.0,68.0,2
7.0,245.0,1
7.0,241.0,1
7.0,239.0,1
7.0,230.0,1
7.0,221.0,1
7.0,219.0,1
7.0,208.0,1
7.0,206.0,1
7.0,205.0,1
7.0,203.0,1
7.0,198.0,1
7.0,196.0,1
7.0,194.0,1
7.0,193.0,1
7.0,187.0,1
7.0,183.0,1
7.0,171.0,1
7.0,170.0,1
7.0,167.0,1
7.0,166.0,1
7.0,165.0,1
7.0,160.0,1
7.0,157.0,1
7.0,156.0,1
7.0,150.0,1
7.0,134.0,1
7.0,125.0,1
7.0,119.0,1
7.0,114.0,1
7.0,112.0,1
7.0,111.0,1
7.0,109.0,1
7.0,100.0,1
7.0,96.0,1
7.0,93.0,1
7.0,90.0,1
7.0,86.0,1
7.0,64.0,1
7.0,63.0,1
7.0,55.0,1
7.0,53.0,1
7.0,48.0,1
6.0,245.0,1
6.0,240.0,1
6.0,233.0,1
6.0,229.0,1
6.0,228.0,1
6.0,209.0,1
6.0,207.0,1
6.0,202.0,1
6.0,194.0,1
6.0,192.0,1
6.0,188.0,1
6.0,179.0,1
6.0,176.0,1
6.0,171.0,1
6.0,169.0,1
6.0,167.0,1
6.0,148.0,1
6.0,147.0,1
6.0,145.0,1
6.0,143.0,1
6.0,142.0,1
6.0,127.0,1
6.0,122.0,1
6.0,120.0,1
6.0,103.0,1
6.0,102.0,1
6.0,100.0,1
6.0,99.0,1
6.0,96.0,1
6.0,84.0,1
6.0,81.0,1
6.0,77.0,1
6.0,61.0,1
6.0,56.0,1
6.0,42.0,1
5.0,149.0,2
5.0,96.0,2
5.0,249.0,1
5.0,246.0,1
5.0,245.0,1
5.0,242.0,1
5.0,239.0,1
5.0,230.0,1
5.0,223.0,1
5.0,222.0,1
5.0,217.0,1
5.0,209.0,1
5.0,208.0,1
5.0,204.0,1
5.0,203.0,1
5.0,183.0,1
5.0,175.0,1
5.0,147.0,1
5.0,138.0,1
5.0,129.0,1
5.0,118.0,1
5.0,110.0,1
5.0,93.0,1
5.0,91.0,1
5.0,83.0,1
5.0,82.0,1
5.0,75.0,1
5.0,74.0,1
5.0,62.0,1
5.0,61.0,1
5.0,56.0,1
5.0,41.0,1
4.0,183.0,2
4.0,138.0,2
4.0,75.0,2
4.0,49.0,2
4.0,246.0,1
4.0,241.0,1
4.0,240.0,1
4.0,232.0,1
4.0,229.0,1
4.0,227.0,1
4.0,193.0,1
4.0,189.0,1
4.0,177.0,1
4.0,176.0,1
4.0,171.0,1
4.0,145.0,1
4.0,127.0,1
4.0,126.0,1
4.0,125.0,1
4.0,120.0,1
4.0,118.0,1
4.0,108.0,1
4.0,100.0,1
4.0,97.0,1
4.0,95.0,1
4.0,87.0,1
4.0,86.0,1
4.0,83.0,1
4.0,81.0,1
4.0,78.0,1
4.0,66.0,1
4.0,65.0,1
4.0,63.0,1
4.0,60.0,1
4.0,59.0,1
3.0,242.0,3
3.0,200.0,2
3.0,180.0,2
3.0,179.0,2
3.0,177.0,2
3.0,176.0,2
3.0,108.0,2
3.0,90.0,2
3.0,56.0,2
3.0,241.0,1
3.0,221.0,1
3.0,219.0,1
3.0,217.0,1
3.0,203.0,1
3.0,202.0,1
3.0,197.0,1
3.0,186.0,1
3.0,184.0,1
3.0,171.0,1
3.0,157.0,1
3.0,155.0,1
3.0,149.0,1
3.0,146.0,1
3.0,133.0,1
3.0,128.0,1
3.0,126.0,1
3.0,123.0,1
3.0,119.0,1
3.0,100.0,1
3.0,99.0,1
3.0,97.0,1
3.0,79.0,1
3.0,77.0,1
3.0,76.0,1
3.0,75.0,1
3.0,66.0,1
3.0,63.0,1
3.0,55.0,1
3.0,47.0,1
2.0,226.0,2
2.0,82.0,2
2.0,81.0,2
2.0,249.0,1
2.0,239.0,1
2.0,234.0,1
2.0,232.0,1
2.0,210.0,1
2.0,204.0,1
2.0,200.0,1
2.0,197.0,1
2.0,186.0,1
2.0,184.0,1
2.0,181.0,1
2.0,172.0,1
2.0,166.0,1
2.0,158.0,1
2.0,155.0,1
2.0,129.0,1
2.0,127.0,1
2.0,126.0,1
2.0,113.0,1
2.0,110.0,1
2.0,100.0,1
2.0,99.0,1
2.0,86.0,1
2.0,76.0,1
2.0,75.0,1
2.0,69.0,1
2.0,58.0,1
2.0,42.0,1
2.0,40.0,1
1.0,163.0,3
1.0,119.0,2
1.0,110.0,2
1.0,77.0,2
1.0,243.0,1
1.0,232.0,1
1.0,218.0,1
1.0,203.0,1
1.0,202.0,1
1.0,201.0,1
1.0,197.0,1
1.0,190.0,1
1.0,188.0,1
1.0,178.0,1
1.0,173.0,1
1.0,171.0,1
1.0,162.0,1
1.0,157.0,1
1.0,154.0,1
1.0,143.0,1
1.0,141.0,1
1.0,139.0,1
1.0,137.0,1
1.0,135.0,1
1.0,133.0,1
1.0,127.0,1
1.0,98.0,1
1.0,96.0,1
1.0,95.0,1
1.0,92.0,1
1.0,84.0,1
1.0,82.0,1
1.0,76.0,1
1.0,68.0,1
1.0,53.0,1
1.0,42.0,1
0.0,141.0,2
0.0,247.0,1
0.0,245.0,1
0.0,240.0,1
0.0,228.0,1
0.0,226.0,1
0.0,221.0,1
0.0,217.0,1
0.0,206.0,1
0.0,193.0,1
0.0,190.0,1
0.0,189.0,1
0.0,183.0,1
0.0,172.0,1
0.0,148.0,1
0.0,124.0,1
0.0,121.0,1
0.0,117.0,1
0.0,111.0,1
0.0,106.0,1
0.0,92.0,1
0.0,90.0,1
0.0,87.0,1
0.0,83.0,1
0.0,49.0,1
0.0,41.0,1
,41.0,1
,,0
